3.836000000000000000e-03
4.348000000000000302e-03
4.858999999999999604e-03
5.370999999999999906e-03
5.882000000000000076e-03
6.394000000000000378e-03
6.904999999999999680e-03
7.415999999999999849e-03
7.927999999999999284e-03
8.439000000000000321e-03
8.951000000000000623e-03
9.206999999999999906e-03
9.461999999999999925e-03
9.972999999999999227e-03
1.043000000000000003e-02
1.047999999999999973e-02
1.099999999999999936e-02
1.150999999999999940e-02
1.166000000000000023e-02
1.201999999999999943e-02
1.252999999999999947e-02
1.289000000000000042e-02
1.303999999999999951e-02
1.354999999999999954e-02
1.405999999999999958e-02
1.412000000000000061e-02
1.456999999999999962e-02
1.508999999999999925e-02
1.533999999999999947e-02
1.559999999999999928e-02
1.610999999999999932e-02
1.657000000000000139e-02
1.661999999999999936e-02
1.712999999999999939e-02
1.763999999999999943e-02
1.779999999999999985e-02
1.814999999999999947e-02
1.865999999999999950e-02
1.902999999999999831e-02
1.916999999999999954e-02
1.967999999999999958e-02
2.018999999999999961e-02
2.025000000000000064e-02
2.069999999999999965e-02
2.120999999999999969e-02
2.147999999999999909e-02
2.172999999999999932e-02
2.223999999999999935e-02
2.271000000000000102e-02
2.274999999999999939e-02
2.325999999999999943e-02
2.376999999999999946e-02
2.393999999999999947e-02
2.427999999999999950e-02
2.478999999999999954e-02
2.515999999999999834e-02
2.529999999999999957e-02
2.580999999999999961e-02
2.631999999999999965e-02
2.639000000000000026e-02
2.682999999999999968e-02
2.733999999999999972e-02
2.761999999999999872e-02
2.784999999999999976e-02
2.835999999999999979e-02
2.884000000000000105e-02
2.886999999999999983e-02
2.937999999999999987e-02
2.988999999999999990e-02
3.006999999999999951e-02
3.039999999999999994e-02
3.090999999999999998e-02
3.130000000000000143e-02
3.141999999999999654e-02
3.193000000000000005e-02
3.243000000000000049e-02
3.252000000000000030e-02
3.293999999999999706e-02
3.345000000000000057e-02
3.375000000000000222e-02
3.395999999999999713e-02
3.447000000000000064e-02
3.497999999999999721e-02
3.497999999999999721e-02
3.549000000000000071e-02
3.599999999999999728e-02
3.620000000000000301e-02
3.651000000000000079e-02
3.701999999999999735e-02
3.742999999999999799e-02
3.751999999999999780e-02
3.803000000000000130e-02
3.853999999999999787e-02
3.865999999999999992e-02
3.905000000000000138e-02
3.955999999999999794e-02
3.987999999999999878e-02
4.007000000000000145e-02
4.057000000000000189e-02
4.107999999999999846e-02
4.111000000000000071e-02
4.159000000000000197e-02
4.209999999999999853e-02
4.234000000000000263e-02
4.261000000000000204e-02
4.311000000000000248e-02
4.356000000000000150e-02
4.361999999999999905e-02
4.413000000000000256e-02
4.463999999999999913e-02
4.479000000000000342e-02
4.601000000000000228e-02
4.716000000000000053e-02
4.723999999999999727e-02
4.846000000000000307e-02
4.968999999999999806e-02
5.091999999999999998e-02
5.213999999999999885e-02
5.269999999999999685e-02
5.337000000000000077e-02
5.458999999999999964e-02
5.582000000000000156e-02
5.704000000000000042e-02
5.824000000000000010e-02
5.827000000000000235e-02
5.949000000000000121e-02
6.071000000000000008e-02
6.194000000000000200e-02
6.315999999999999392e-02
6.378000000000000336e-02
6.439000000000000279e-02
6.561000000000000165e-02
6.683999999999999664e-02
6.805999999999999550e-02
6.927999999999999436e-02
6.930999999999999661e-02
7.051000000000000323e-02
7.173000000000000209e-02
7.295000000000000095e-02
7.417999999999999594e-02
7.484000000000000374e-02
7.539999999999999480e-02
7.661999999999999367e-02
7.784000000000000641e-02
7.907000000000000139e-02
8.029000000000000026e-02
8.036999999999999700e-02
8.150999999999999912e-02
8.272999999999999798e-02
8.394999999999999685e-02
8.516999999999999571e-02
8.588999999999999413e-02
8.640000000000000457e-02
8.762000000000000344e-02
8.884000000000000230e-02
9.006000000000000116e-02
9.128000000000000003e-02
9.141000000000000514e-02
9.249999999999999889e-02
9.371999999999999775e-02
9.493999999999999662e-02
9.615999999999999548e-02
9.693000000000000227e-02
9.737999999999999434e-02
9.859999999999999321e-02
9.982000000000000595e-02
1.010000000000000064e-01
1.023000000000000020e-01
1.024000000000000049e-01
1.034999999999999948e-01
1.047000000000000014e-01
1.058999999999999941e-01
1.071000000000000008e-01
1.078999999999999959e-01
1.134000000000000008e-01
1.189000000000000057e-01
1.243999999999999967e-01
1.298999999999999877e-01
1.353999999999999926e-01
1.408999999999999975e-01
1.464000000000000024e-01
1.517999999999999905e-01
1.572999999999999954e-01
1.627000000000000113e-01
1.681999999999999884e-01
1.736000000000000043e-01
1.789999999999999925e-01
1.844999999999999973e-01
1.899000000000000132e-01
1.953000000000000014e-01
2.006999999999999895e-01
2.061000000000000054e-01
2.114000000000000046e-01
2.167999999999999927e-01
2.222000000000000086e-01
2.275000000000000078e-01
2.328999999999999959e-01
2.381999999999999951e-01
2.434999999999999942e-01
2.487999999999999934e-01
2.540999999999999925e-01
2.594000000000000195e-01
2.646999999999999909e-01
2.700000000000000178e-01
2.752999999999999892e-01
2.805000000000000271e-01
2.857000000000000095e-01
2.909999999999999809e-01
2.962000000000000188e-01
3.014000000000000012e-01
3.065999999999999837e-01
3.118000000000000216e-01
3.169000000000000150e-01
3.220999999999999974e-01
3.271999999999999909e-01
3.323999999999999733e-01
3.375000000000000222e-01
3.426000000000000156e-01
3.477000000000000091e-01
3.528000000000000025e-01
3.578000000000000069e-01
3.629000000000000004e-01
3.679000000000000048e-01
3.729000000000000092e-01
3.779000000000000137e-01
3.829000000000000181e-01
3.879000000000000226e-01
3.929000000000000270e-01
3.977999999999999869e-01
4.027999999999999914e-01
4.077000000000000068e-01
4.126000000000000223e-01
4.174999999999999822e-01
4.223999999999999977e-01
4.273000000000000131e-01
4.320999999999999841e-01
4.369000000000000106e-01
4.418000000000000260e-01
4.465999999999999970e-01
4.512999999999999790e-01
4.561000000000000054e-01
4.608999999999999764e-01
4.656000000000000139e-01
4.702999999999999958e-01
4.749999999999999778e-01
4.797000000000000153e-01
4.843999999999999972e-01
4.890999999999999792e-01
4.937000000000000277e-01
4.983000000000000207e-01
5.029000000000000137e-01
5.074999999999999512e-01
5.120999999999999996e-01
5.167000000000000481e-01
5.211999999999999966e-01
5.258000000000000451e-01
5.302999999999999936e-01
5.348000000000000531e-01
5.392000000000000126e-01
5.436999999999999611e-01
5.481000000000000316e-01
5.525999999999999801e-01
5.570000000000000506e-01
5.614000000000000101e-01
5.656999999999999806e-01
5.701000000000000512e-01
5.744000000000000217e-01
5.787999999999999812e-01
5.830999999999999517e-01
5.874000000000000332e-01
5.916000000000000147e-01
5.958999999999999853e-01
6.000999999999999668e-01
6.044000000000000483e-01
6.086000000000000298e-01
6.128000000000000114e-01
6.169000000000000039e-01
6.210999999999999854e-01
6.251999999999999780e-01
6.292999999999999705e-01
6.333999999999999631e-01
