2.899999999999999800e-03
3.002959999999999831e-03
3.109574999999999839e-03
3.219974999999999921e-03
3.334295000000000141e-03
3.452674000000000194e-03
3.575256000000000180e-03
3.702188999999999827e-03
3.833628999999999856e-03
3.969735999999999751e-03
4.110675000000000266e-03
4.256618000000000207e-03
4.407742000000000084e-03
4.564231999999999664e-03
4.726277000000000082e-03
4.894075999999999808e-03
5.067832000000000413e-03
5.247756999999999596e-03
5.434071000000000387e-03
5.626998000000000243e-03
5.826775999999999657e-03
6.000000000000000125e-03
6.033646000000000148e-03
6.213019999999999654e-03
6.247861000000000387e-03
6.433603000000000412e-03
6.469680999999999696e-03
6.662017999999999586e-03
6.699375999999999942e-03
6.898541999999999695e-03
6.937226999999999803e-03
7.143463000000000070e-03
7.183521000000000004e-03
7.397080000000000322e-03
7.438560999999999784e-03
7.659702000000000004e-03
7.702655000000000092e-03
7.931647000000000003e-03
7.976125000000000576e-03
8.213246999999999909e-03
8.259304000000000298e-03
8.504845000000000460e-03
8.552537000000000680e-03
8.806796000000000416e-03
8.856180999999999429e-03
9.119465999999999684e-03
9.170605000000000076e-03
9.443237999999999632e-03
9.496192999999999995e-03
9.778504999999999836e-03
9.833338999999999969e-03
1.012566999999999981e-02
1.018246000000000082e-02
1.048517000000000025e-02
1.054396999999999973e-02
1.085742999999999951e-02
1.091831000000000051e-02
1.124290000000000012e-02
1.130595000000000037e-02
1.164206999999999916e-02
1.170735000000000005e-02
1.205540000000000084e-02
1.212300000000000010e-02
1.248341000000000034e-02
1.255340999999999922e-02
1.292660999999999984e-02
1.299909999999999954e-02
1.338554999999999953e-02
1.346060999999999959e-02
1.386077999999999963e-02
1.393849999999999950e-02
1.435288000000000015e-02
1.443336999999999919e-02
1.486245999999999921e-02
1.494580000000000040e-02
1.539013000000000013e-02
1.547642999999999935e-02
1.593653000000000083e-02
1.602589000000000097e-02
1.650232999999999908e-02
1.659487000000000115e-02
1.708822000000000119e-02
1.718404000000000112e-02
1.769489999999999952e-02
1.779412999999999828e-02
1.832312999999999997e-02
1.842587999999999865e-02
1.897367000000000151e-02
1.908005999999999938e-02
1.964729000000000128e-02
1.975746999999999920e-02
2.034483999999999945e-02
2.045893000000000017e-02
2.106714999999999977e-02
2.118528999999999898e-02
2.181510999999999867e-02
2.193743999999999902e-02
2.258960999999999955e-02
2.271629000000000009e-02
2.339161999999999839e-02
2.352278999999999828e-02
2.422209999999999988e-02
2.435792999999999986e-02
2.508207000000000145e-02
2.522272000000000056e-02
2.597257000000000038e-02
2.611820999999999934e-02
2.689468000000000067e-02
2.704550000000000010e-02
2.784953000000000081e-02
2.800570000000000143e-02
2.883828999999999906e-02
2.900000000000000147e-02
2.986213999999999882e-02
3.002960000000000004e-02
3.092235000000000122e-02
3.092846000000000137e-02
3.109574999999999839e-02
3.202019999999999866e-02
3.219974999999999921e-02
3.315702000000000232e-02
3.316357999999999806e-02
3.334295000000000314e-02
3.433420999999999695e-02
3.452674000000000021e-02
3.555318999999999841e-02
3.556021999999999655e-02
3.575256000000000267e-02
3.681543999999999789e-02
3.702189000000000174e-02
3.812252000000000002e-02
3.813004999999999867e-02
3.833629000000000203e-02
3.947599000000000247e-02
3.969736000000000098e-02
4.087752000000000052e-02
4.088561000000000278e-02
4.110674999999999746e-02
4.232881000000000143e-02
4.256618000000000207e-02
4.383163000000000337e-02
4.384029999999999871e-02
4.538779999999999898e-02
4.699922000000000127e-02
4.700851000000000335e-02
4.866784999999999861e-02
5.039571999999999802e-02
5.040569000000000299e-02
5.218493999999999911e-02
5.361335999999999880e-02
5.403767999999999766e-02
5.404836999999999836e-02
5.551682000000000144e-02
5.595619999999999761e-02
5.748785000000000006e-02
5.794283000000000072e-02
5.795428999999999858e-02
5.952886000000000288e-02
5.999999999999999778e-02
6.164233999999999686e-02
6.213019999999999654e-02
6.214249000000000162e-02
6.383084999999999454e-02
6.433603000000000238e-02
6.609705999999999915e-02
6.662018000000000106e-02
6.663334999999999397e-02
6.844372999999999430e-02
6.898542000000000562e-02
7.087371000000000643e-02
7.143462999999999896e-02
7.144876000000000005e-02
7.338996000000000408e-02
7.397080000000000322e-02
7.599554999999999505e-02
7.659702000000000177e-02
7.661215999999999859e-02
7.869365000000000387e-02
7.931647000000000003e-02
8.148753999999999720e-02
8.213246999999999909e-02
8.214870999999999979e-02
8.438062000000000340e-02
8.504844999999999766e-02
8.737641999999999631e-02
8.806796000000000069e-02
8.808536999999999617e-02
9.047858000000000289e-02
9.119465999999999684e-02
9.369086999999999554e-02
9.443237999999999632e-02
9.445106000000000335e-02
9.701721000000000650e-02
9.778504999999999836e-02
1.004617000000000010e-01
1.012768000000000002e-01
1.040283999999999931e-01
1.077217000000000036e-01
1.085958000000000062e-01
1.115461999999999981e-01
1.155064999999999981e-01
1.164436999999999972e-01
1.196074000000000026e-01
1.238538000000000000e-01
1.248587000000000030e-01
1.282510000000000039e-01
1.326543000000000028e-01
1.328043999999999891e-01
1.338818999999999981e-01
1.373640000000000139e-01
1.375194000000000139e-01
1.422409000000000034e-01
1.424017999999999951e-01
1.435571999999999959e-01
1.472909000000000024e-01
1.474574999999999914e-01
1.522619000000000056e-01
1.525201999999999947e-01
1.526927999999999896e-01
1.539317000000000046e-01
1.576677999999999968e-01
1.579351999999999978e-01
1.581139000000000017e-01
1.632655000000000078e-01
1.635424000000000044e-01
1.637274999999999980e-01
1.690619999999999901e-01
1.693486999999999909e-01
1.695403000000000049e-01
1.750642000000000031e-01
1.753611999999999949e-01
1.755596000000000101e-01
1.812796000000000129e-01
1.815871000000000013e-01
1.877156000000000102e-01
1.880341000000000096e-01
1.943802000000000030e-01
1.947098999999999913e-01
2.012812999999999963e-01
2.016227999999999909e-01
2.084274999999999878e-01
2.087809999999999944e-01
2.158274000000000026e-01
2.161935000000000107e-01
2.234899999999999942e-01
2.238690999999999875e-01
2.314246000000000081e-01
2.318172000000000010e-01
2.396409999999999929e-01
2.400474999999999970e-01
2.481490000000000085e-01
2.485700000000000132e-01
2.569591999999999987e-01
2.573949999999999849e-01
2.660820999999999881e-01
2.665333999999999759e-01
2.755289000000000210e-01
2.759962000000000248e-01
2.853110999999999842e-01
2.857950000000000212e-01
2.954405999999999977e-01
2.959416999999999742e-01
3.059297000000000266e-01
3.064487000000000183e-01
3.167912999999999979e-01
3.173286000000000162e-01
3.280384000000000078e-01
3.285949000000000231e-01
3.396849000000000118e-01
3.402610999999999830e-01
3.517448000000000241e-01
3.523414999999999742e-01
3.642329999999999735e-01
3.648507999999999751e-01
3.771645000000000136e-01
3.778041999999999789e-01
3.905550999999999884e-01
3.912175999999999987e-01
4.044210999999999778e-01
4.051070999999999978e-01
4.187794000000000239e-01
4.194898000000000238e-01
4.336475000000000191e-01
4.343831000000000220e-01
4.490433999999999815e-01
4.498051000000000132e-01
4.649860000000000104e-01
4.657746999999999860e-01
4.814944999999999919e-01
4.823112999999999984e-01
4.985892000000000102e-01
4.994350000000000178e-01
5.162908000000000497e-01
5.171666000000000318e-01
5.346208999999999545e-01
5.355277000000000509e-01
5.536016999999999744e-01
5.545407999999999449e-01
5.732564999999999467e-01
5.742287999999999837e-01
5.936090000000000533e-01
5.946158999999999750e-01
6.146840999999999555e-01
6.157268000000000185e-01
6.365075000000000038e-01
6.375870999999999622e-01
6.591055999999999582e-01
6.602236000000000216e-01
6.825061000000000044e-01
6.836638000000000437e-01
7.067373000000000127e-01
7.079360999999999571e-01
7.318289000000000044e-01
7.330702999999999525e-01
7.578112999999999655e-01
7.590966999999999576e-01
7.847161000000000275e-01
7.860471999999999460e-01
8.125761999999999707e-01
8.139545000000000252e-01
8.414253999999999900e-01
8.428527000000000102e-01
8.712988000000000399e-01
8.727768000000000193e-01
9.022329000000000043e-01
9.342652000000000179e-01
9.674346999999999808e-01
